Region:Americas
Subregion: Caribbean
Population: 30237
Area: 151
latlng: 18.431383 -64.62305 