Region:Europe
Subregion: Southeast Europe
Population: 1775378
Area: 10908
latlng: 42.666667 21.166667 