Region:Europe
Subregion: Western Europe
Population: 38137
Area: 160
latlng: 47.26666666 9.53333333 