Region:Africa
Subregion: Eastern Africa
Population: 226915
Area: 374
latlng: -12.83333333 45.16666666 