Region:Oceania
Subregion: Micronesia
Population: 10834
Area: 21
latlng: -0.53333333 166.91666666 