Region:Americas
Subregion: Caribbean
Population: 183629
Area: 616
latlng: 13.88333333 -60.96666666 