Region:Asia
Subregion: South-Eastern Asia
Population: 1318442
Area: 14874
latlng: -8.83333333 125.91666666 